offset:
  head_pitch: 0
  head_roll: 0
  head_yaw: 0
  l_ankle_pitch: 0
  l_ankle_roll: 0
  l_elbow_pitch: 0
  l_hip_pitch: -0.00819141195602672
  l_hip_roll: -0.01894264014831179
  l_hip_yaw: 0.01843067690106012
  l_knee_pitch: -0.04044509653288193
  l_shoulder_pitch: 0
  l_shoulder_roll: -0.0704461428218298
  r_ankle_pitch: 0
  r_ankle_roll: 0
  r_elbow_pitch: 0
  r_hip_pitch: 0.03122975808235186
  r_hip_roll: -0.006655522214271709
  r_hip_yaw: -0.02150245638457014
  r_knee_pitch: -0.04044509653288193
  r_shoulder_pitch: 0
  r_shoulder_roll: 0.08846724912508858
  waist_roll: 0.0145909525466726
  waist_yaw: -0.05836381018669038

init_pose_for_offset_tuner:
  head_pitch: 0
  head_roll: 0
  head_yaw: 0
  l_ankle_pitch: 0
  l_ankle_roll: 0
  l_elbow_pitch: 0
  l_hip_pitch: 0
  l_hip_roll: 0
  l_hip_yaw: 0
  l_knee_pitch: 0
  l_shoulder_pitch: 0
  l_shoulder_roll: 0
  r_ankle_pitch: 0
  r_ankle_roll: 0
  r_elbow_pitch: 0
  r_hip_pitch: 0
  r_hip_roll: 0
  r_hip_yaw: 0
  r_knee_pitch: 0
  r_shoulder_pitch: 0
  r_shoulder_roll: 0
  waist_roll: 0
  waist_yaw: 0
  
